       1   7.130591869e+00   3.201348782e-01   7.482023954e+00
       2   6.397388935e+00   3.313448429e-01   6.731064081e+00
       3   4.876977921e+00   3.355009556e-01   5.214868784e+00
       4   5.629899979e+00   3.994598389e-01   6.031801939e+00
       5   4.819111824e+00   3.542809486e-01   5.175926924e+00
       6   1.742789984e+00   3.538770676e-01   3.608964205e+00
       7   5.364459991e+00   3.906269073e-01   5.757457018e+00
       8   5.475352049e+00   5.096170902e-01   5.987564087e+00
       9   6.439702034e+00   5.241429806e-01   6.966291189e+00
      10   5.819391012e+00   5.328979492e-01   6.354818821e+00
      11   4.360879183e+00   5.479309559e-01   6.460462093e+00
      12   6.002180099e+00   6.138100624e-01   6.618443966e+00
      13   5.797952890e+00   6.426432133e-01   6.443104982e+00
      14   6.175632000e+00   6.475980282e-01   6.825704098e+00
      15   6.418329000e+00   6.406099796e-01   7.061476946e+00
      16   4.591318130e+00   5.799810886e-01   6.665115833e+00
      17   6.330884933e+00   5.573620796e-01   6.890753984e+00
      18   6.716892004e+00   6.537978649e-01   7.373191118e+00
      19   6.265932083e+00   6.263558865e-01   6.894878149e+00
      20   6.309569120e+00   6.812198162e-01   6.993438959e+00
      21   5.116707087e+00   6.614170074e-01   7.294891119e+00
      22   6.741594076e+00   6.509268284e-01   7.395178080e+00
      23   6.675040007e+00   5.765068531e-01   7.254127026e+00
      24   7.850521088e+00   6.345961094e-01   8.487668991e+00
      25   7.595639944e+00   7.418200970e-01   8.340220213e+00
      26   7.589370012e+00   6.461939812e-01   8.238306999e+00
      27   2.191518784e+00   6.438810825e-01   4.314334154e+00
      28   7.542292118e+00   7.013800144e-01   8.246237040e+00
      29   7.364432096e+00   6.839001179e-01   8.050916910e+00
      30   7.069625854e+00   7.842719555e-01   7.856595993e+00
      31   6.711132050e+00   6.673109531e-01   7.380978823e+00
      32   7.436504126e+00   6.443600655e-01   8.083468199e+00
      33   1.746557951e+00   6.445968151e-01   3.876798868e+00
      34   7.308404922e+00   6.754450798e-01   7.986458063e+00
      35   7.635123014e+00   7.664120197e-01   8.404119968e+00
      36   8.083929062e+00   7.536010742e-01   8.840255022e+00
      37   8.015671015e+00   7.110269070e-01   8.729205132e+00
      38   7.558403969e+00   6.401829720e-01   8.201223850e+00
      39   2.116189003e+00   6.353600025e-01   4.283138037e+00
      40   7.080657005e+00   8.972458839e-01   7.980479956e+00
      41   7.096667051e+00   7.610540390e-01   7.860474110e+00
      42   7.537151814e+00   8.078749180e-01   8.347673178e+00
      43   7.729238987e+00   9.203739166e-01   8.652179003e+00
      44   8.557183981e+00   1.073148012e+00   9.633010864e+00
      45   1.774305105e+00   8.692440987e-01   4.176633835e+00
      46   8.576344967e+00   8.750929832e-01   9.454190969e+00
      47   8.274327040e+00   8.438560963e-01   9.120836020e+00
      48   8.527009964e+00   1.105828047e+00   9.635857821e+00
      49   8.035513878e+00   1.013095140e+00   9.051206112e+00
      50   7.120052814e+00   8.237431049e-01   7.946390152e+00
      51   1.808221102e+00   1.063808203e+00   4.415540934e+00
      52   7.110574961e+00   1.155777931e+00   8.268971920e+00
      53   8.799930811e+00   8.977971077e-01   9.700361013e+00
      54   9.913130999e+00   1.017606974e+00   1.093334889e+01
      55   8.058430910e+00   9.206380844e-01   8.981739998e+00
      56   7.716982841e+00   7.778639793e-01   8.497543097e+00
      57   1.872816086e+00   8.147480488e-01   4.181020975e+00
      58   8.161678076e+00   8.696439266e-01   9.033909798e+00
      59   8.956360102e+00   9.277000427e-01   9.886903048e+00
      60   7.900089979e+00   1.310357094e+00   9.213034868e+00
      61   8.047908068e+00   9.996469021e-01   9.050209999e+00
      62   7.855062962e+00   1.133910894e+00   8.992425919e+00
      63   1.992260933e+00   1.019808054e+00   4.521497011e+00
      64   8.327512980e+00   8.947138786e-01   9.224786043e+00
      65   8.499474049e+00   8.878440857e-01   9.390001059e+00
      66   8.762691975e+00   9.664299488e-01   9.731940031e+00
      67   9.119430065e+00   8.912320137e-01   1.001357007e+01
      68   9.539064169e+00   8.145761490e-01   1.035631204e+01
      69   2.376585007e+00   1.227727175e+00   5.103520870e+00
      70   1.050864387e+01   9.747371674e-01   1.148601794e+01
      71   8.673315048e+00   9.739329815e-01   9.650000811e+00
      72   9.034263134e+00   9.559330940e-01   9.993630886e+00
      73   1.025298691e+01   1.062101126e+00   1.131776905e+01
      74   1.093399000e+01   8.120529652e-01   1.174870300e+01
      75   2.263267994e+00   9.284369946e-01   4.702448130e+00
      76   8.704619884e+00   8.534688950e-01   9.560758114e+00
      77   8.668300867e+00   9.604070187e-01   9.631675005e+00
      78   8.085452795e+00   8.884408474e-01   8.976547003e+00
      79   8.749021053e+00   8.622429371e-01   9.614009857e+00
      80   8.978794098e+00   1.042617083e+00   1.002447391e+01
      81   1.994282007e+00   1.124395847e+00   4.905869961e+00
      82   9.929211855e+00   1.061537981e+00   1.099378896e+01
      83   8.499408007e+00   1.006646872e+00   9.508762836e+00
      84   8.897692919e+00   1.132338047e+00   1.003278613e+01
      85   9.759325027e+00   1.048829079e+00   1.081105614e+01
      86   9.508494139e+00   1.087481976e+00   1.059865904e+01
      87   2.268331051e+00   9.425091743e-01   4.708204985e+00
      88   8.209492922e+00   1.095770121e+00   9.307965994e+00
      89   6.813102961e+00   9.306359291e-01   7.746630192e+00
      90   7.164309025e+00   9.178090096e-01   8.084907055e+00
      91   9.501685858e+00   8.320620060e-01   1.033654094e+01
      92   8.638127089e+00   8.757178783e-01   9.516522169e+00
      93   2.065455914e+00   8.546080589e-01   4.401921988e+00
      94   9.109880924e+00   9.442100525e-01   1.005705190e+01
      95   7.407796860e+00   9.822301865e-01   8.392734051e+00
      96   7.771362066e+00   9.372878075e-01   8.711678982e+00
      97   1.038798189e+01   8.836169243e-01   1.127443600e+01
      98   7.568755150e+00   9.305307865e-01   8.502010107e+00
      99   2.282629013e+00   1.010349989e+00   4.905079126e+00
     100   8.551833868e+00   1.005377054e+00   9.559955120e+00
     101   1.148442006e+01   9.289889336e-01   1.241607094e+01
     102   8.190468073e+00   9.941198826e-01   9.187562943e+00
     103   8.436522961e+00   9.125761986e-01   9.351773024e+00
     104   8.023339033e+00   9.564089775e-01   8.982431889e+00
     105   2.150311947e+00   9.432911873e-01   4.636389971e+00
     106   7.405656099e+00   8.538031578e-01   8.262176037e+00
     107   8.855539799e+00   1.017359972e+00   9.875715017e+00
     108   8.917416096e+00   1.062973022e+00   9.983144045e+00
     109   9.456823826e+00   1.208072901e+00   1.066763711e+01
     110   7.858120203e+00   1.002943993e+00   8.864058018e+00
     111   2.317529202e+00   8.450880051e-01   4.702153921e+00
     112   9.759672165e+00   9.655239582e-01   1.072806692e+01
     113   8.473709822e+00   9.458320141e-01   9.422276974e+00
     114   9.342899084e+00   1.086762905e+00   1.043341088e+01
     115   9.187119007e+00   1.060027122e+00   1.024991083e+01
     116   8.420001030e+00   9.035048485e-01   9.326236010e+00
     117   2.200418949e+00   1.002573967e+00   4.702637911e+00
     118   8.418743134e+00   1.070389032e+00   9.491819859e+00
     119   8.228614092e+00   1.135224104e+00   9.366560936e+00
     120   9.213812113e+00   8.945009708e-01   1.011099195e+01
     121   9.399772882e+00   9.150960445e-01   1.031758881e+01
     122   7.325805902e+00   1.106346130e+00   8.434876919e+00
     123   2.650715828e+00   8.821039200e-01   5.036576033e+00
     124   7.460974932e+00   9.330840111e-01   8.396794081e+00
     125   8.186804056e+00   9.553470612e-01   9.144895077e+00
     126   9.568589926e+00   9.451179504e-01   1.051665998e+01
     127   9.133753061e+00   9.319801331e-01   1.006845188e+01
     128   8.922909975e+00   7.890779972e-01   9.714775085e+00
     129   2.373089075e+00   9.318430424e-01   4.806404114e+00
     130   8.781142950e+00   8.414788246e-01   9.625387907e+00
     131   8.833048105e+00   9.614541531e-01   9.797259092e+00
     132   8.722292900e+00   8.896811008e-01   9.614716053e+00
     133   7.763839006e+00   9.137639999e-01   8.680608988e+00
     134   7.970186949e+00   9.839129448e-01   8.956802130e+00
     135   2.671698093e+00   8.860051632e-01   5.045627832e+00
     136   8.313375950e+00   1.022620916e+00   9.338701963e+00
     137   8.049192190e+00   8.469429016e-01   8.898965836e+00
     138   8.166490078e+00   9.568240643e-01   9.126095057e+00
     139   7.402322054e+00   8.052430153e-01   8.210644960e+00
     140   1.017227316e+01   1.085031986e+00   1.126003790e+01
     141   2.657639980e+00   9.777960777e-01   5.189928055e+00
     142   1.161969709e+01   8.703019619e-01   1.249290705e+01
     143   1.039884686e+01   8.442959785e-01   1.124589491e+01
     144   9.770523071e+00   9.253840446e-01   1.069860911e+01
     145   9.833706141e+00   8.055081367e-01   1.064190602e+01
     146   9.270713806e+00   9.221129417e-01   1.019567800e+01
     147   2.165355921e+00   9.389908314e-01   4.604471922e+00
     148   9.280375957e+00   7.812199593e-01   1.006452394e+01
     149   9.968049049e+00   8.886990547e-01   1.085957789e+01
     150   1.017761707e+01   8.820309639e-01   1.106243300e+01
     151   1.052782106e+01   8.819861412e-01   1.141251397e+01
     152   1.058238196e+01   9.023270607e-01   1.148749804e+01
     153   2.462620020e+00   8.841350079e-01   4.981621027e+00
     154   1.038565683e+01   8.963129520e-01   1.128461695e+01
     155   1.023472404e+01   1.036043882e+00   1.127354789e+01
     156   1.111259103e+01   9.789450169e-01   1.209442997e+01
     157   1.036730909e+01   9.805760384e-01   1.135077310e+01
     158   8.221174002e+00   9.315469265e-01   1.065967202e+01
     159   1.040090203e+01   1.079015970e+00   1.148264694e+01
     160   1.104475904e+01   8.856379986e-01   1.193405509e+01
     161   1.191289711e+01   1.010020971e+00   1.292554688e+01
     162   1.083682299e+01   8.758370876e-01   1.171545506e+01
     163   8.720906973e+00   9.268250465e-01   1.114562678e+01
     164   1.039127803e+01   8.068280220e-01   1.120138812e+01
     165   1.016513991e+01   8.914189339e-01   1.105947709e+01
     166   1.122557092e+01   8.687720299e-01   1.209724689e+01
     167   9.818384886e+00   9.847850800e-01   1.080595016e+01
     168   1.075078201e+01   1.054331064e+00   1.334305692e+01
     169   1.273407316e+01   8.972117901e-01   1.363399100e+01
     170   1.033887815e+01   9.934871197e-01   1.133555818e+01
     171   1.232568622e+01   9.328000546e-01   1.326142001e+01
     172   8.657679081e+00   1.037568808e+00   9.698088169e+00
     173   8.718671083e+00   8.745369911e-01   1.110624790e+01
     174   9.094946146e+00   8.659329414e-01   9.963701963e+00
     175   9.073431969e+00   1.007789850e+00   1.008398604e+01
     176   9.501863003e+00   8.726189137e-01   1.037725782e+01
     177   1.189023399e+01   9.182980061e-01   1.281134892e+01
     178   9.720942020e+00   8.467121124e-01   1.233638287e+01
     179   1.283348393e+01   8.747880459e-01   1.371114421e+01
     180   1.201641583e+01   9.665398598e-01   1.298576808e+01
     181   1.314249301e+01   8.809549809e-01   1.402630806e+01
     182   1.289856410e+01   9.144029617e-01   1.381613398e+01
     183   1.061317992e+01   8.974192142e-01   1.303657103e+01
     184   1.428678417e+01   9.763510227e-01   1.526596689e+01
     185   1.330866003e+01   9.699931145e-01   1.428141999e+01
     186   1.374851418e+01   8.850769997e-01   1.463637209e+01
     187   1.478866005e+01   8.731520176e-01   1.566460681e+01
     188   9.123080969e+00   8.402550220e-01   1.149562502e+01
     189   1.248724484e+01   1.003993988e+00   1.349405813e+01
     190   1.277299190e+01   8.243069649e-01   1.360026622e+01
     191   1.334325695e+01   9.334588051e-01   1.427969003e+01
     192   1.339393806e+01   9.984240532e-01   1.439521980e+01
     193   8.658795834e+00   8.113110065e-01   1.098864794e+01
     194   1.503256989e+01   9.361250401e-01   1.597146893e+01
     195   1.609537292e+01   8.137319088e-01   1.691268182e+01
     196   1.321234989e+01   9.099850655e-01   1.412512803e+01
     197   1.841938591e+01   8.499779701e-01   1.927493310e+01
     198   1.144985604e+01   1.052186012e+00   1.414124703e+01
     199   1.926837206e+01   9.701590538e-01   2.024144506e+01
     200   1.744775701e+01   9.371259212e-01   1.838777995e+01
     201   2.152214193e+01   8.186650276e-01   2.234403491e+01
     202   1.443660283e+01   9.791388512e-01   1.541863990e+01
     203   8.363507986e+00   8.508179188e-01   1.072703600e+01
     204   1.435599709e+01   9.428548813e-01   1.530169582e+01
     205   1.380792499e+01   9.155888557e-01   1.472633815e+01
     206   1.406168509e+01   9.474568367e-01   1.501202011e+01
     207   1.269374895e+01   9.363088608e-01   1.363304305e+01
     208   8.576090813e+00   7.969079018e-01   1.090705609e+01
     209   1.381794500e+01   8.425819874e-01   1.466334915e+01
     210   1.347674990e+01   7.708787918e-01   1.425074601e+01
     211   1.555750012e+01   8.667600155e-01   1.642704892e+01
     212   1.703536105e+01   8.302340508e-01   1.786841083e+01
     213   9.855223894e+00   9.397170544e-01   1.228932810e+01
     214   1.693180799e+01   8.434808254e-01   1.777808809e+01
     215   1.598471999e+01   9.476799965e-01   1.693525410e+01
     216   1.623652411e+01   8.966801167e-01   1.713607097e+01
     217   1.776432705e+01   8.396830559e-01   1.860697103e+01
     218   7.323462009e+00   9.311227798e-01   9.825455189e+00
     219   1.764993095e+01   9.142019749e-01   1.856705403e+01
     220   1.691070795e+01   8.493058681e-01   1.776304221e+01
     221   1.674424601e+01   9.353790283e-01   1.768256807e+01
     222   1.772962284e+01   9.439518452e-01   1.867647505e+01
     223   7.629446030e+00   9.025061131e-01   1.003540087e+01
     224   1.651783204e+01   9.757699966e-01   1.749655318e+01
     225   1.939082909e+01   9.499499798e-01   2.034369302e+01
     226   2.096818995e+01   1.017745018e+00   2.198883009e+01
     227   2.467823696e+01   1.035881042e+00   2.571694398e+01
     228   7.484622002e+00   9.701290131e-01   1.000176716e+01
     229   2.352239513e+01   9.259579182e-01   2.445139408e+01
     230   2.271230602e+01   1.012977123e+00   2.372812200e+01
     231   2.109257698e+01   1.004420996e+00   2.209985900e+01
     232   2.560311604e+01   9.839241505e-01   2.658997202e+01
     233   1.035477591e+01   9.955790043e-01   1.299260592e+01
     234   2.433120608e+01   1.032976866e+00   2.536702013e+01
     235   2.567504692e+01   1.121680975e+00   2.679962206e+01
     236   2.807082987e+01   1.139220953e+00   2.921298409e+01
     237   2.781229901e+01   9.605290890e-01   2.877565503e+01
     238   9.473463058e+00   9.942398071e-01   1.214128494e+01
     239   2.683949518e+01   1.048956871e+00   2.789136910e+01
     240   2.392294502e+01   1.136147976e+00   2.506204295e+01
     241   2.341794705e+01   1.044133902e+00   2.446504116e+01
     242   2.431961894e+01   1.036081076e+00   2.535859203e+01
     243   9.762573957e+00   1.189954996e+00   1.261155987e+01
     244   2.221849298e+01   1.195526838e+00   2.341703606e+01
     245   2.099487305e+01   1.146687031e+00   2.214462686e+01
     246   2.064336896e+01   1.115986109e+00   2.176228905e+01
     247   2.078327990e+01   1.085273027e+00   2.187148213e+01
     248   7.085539103e+00   1.035258055e+00   9.782614946e+00
     249   2.322348285e+01   1.202710867e+00   2.442905807e+01
     250   2.458932805e+01   1.167224884e+00   2.575940609e+01
     251   2.376658487e+01   9.342739582e-01   2.470366192e+01
     252   2.278557706e+01   1.045905828e+00   2.383433485e+01
     253   7.493079185e+00   1.032991886e+00   1.015770507e+01
     254   2.386554193e+01   1.142733097e+00   2.501190305e+01
     255   2.455287313e+01   9.866588116e-01   2.554354692e+01
     256   2.540583491e+01   1.046096802e+00   2.645479417e+01
     257   2.704182100e+01   1.044319868e+00   2.808903718e+01
     258   7.478622913e+00   9.442870617e-01   1.000788808e+01
     259   2.428789687e+01   9.429771900e-01   2.523378706e+01
     260   2.671111703e+01   9.643170834e-01   2.767826104e+01
     261   2.508049488e+01   9.559869766e-01   2.603951383e+01
     262   2.542721987e+01   9.609048367e-01   2.639095592e+01
     263   1.053357100e+01   9.611520767e-01   1.557434797e+01
     264   2.745252585e+01   1.037646055e+00   2.849312997e+01
     265   2.329156685e+01   1.155131102e+00   2.444963503e+01
     266   2.439315796e+01   1.042205095e+00   2.543812490e+01
     267   2.513214803e+01   1.041976929e+00   2.617702699e+01
     268   1.008011580e+01   9.800868034e-01   1.470242405e+01
     269   2.823355913e+01   9.543070793e-01   2.919073510e+01
     270   2.350571609e+01   1.016855955e+00   2.452556705e+01
     271   2.454092407e+01   1.053217173e+00   2.559702206e+01
     272   2.363897204e+01   9.985630512e-01   2.464047503e+01
     273   9.375480890e+00   9.402768612e-01   1.204491591e+01
     274   2.749631810e+01   1.030330181e+00   2.852960896e+01
     275   3.019762897e+01   1.251621008e+00   3.145209694e+01
     276   2.884062409e+01   1.149650812e+00   2.999365997e+01
     277   2.837806201e+01   1.139683008e+00   2.952065086e+01
     278   1.201856494e+01   9.502201080e-01   1.456261396e+01
     279   2.388656092e+01   1.009476900e+00   2.489909911e+01
     280   2.680730009e+01   9.554429054e-01   2.776565504e+01
     281   2.169921899e+01   1.139082193e+00   2.284115481e+01
     282   2.438201904e+01   1.277292013e+00   2.566218495e+01
     283   1.276493502e+01   1.094902039e+00   1.546453714e+01
     284   3.174363804e+01   1.252644062e+00   3.299927092e+01
     285   2.699597001e+01   1.077973127e+00   2.807694411e+01
     286   2.628954411e+01   1.088451147e+00   2.738103700e+01
     287   2.732996202e+01   1.006858826e+00   2.833985019e+01
     288   1.051377606e+01   1.097852945e+00   1.338205886e+01
     289   2.537451005e+01   9.115509987e-01   2.628893399e+01
     290   2.553827596e+01   1.050211906e+00   2.659147596e+01
     291   2.463697410e+01   9.587631226e-01   2.559873390e+01
     292   2.211874700e+01   1.018040895e+00   2.313981915e+01
     293   1.499810886e+01   1.060070038e+00   1.765212393e+01
     294   2.608601999e+01   9.931039810e-01   2.708236384e+01
     295   2.730578709e+01   1.044725895e+00   2.835339284e+01
     296   3.289442015e+01   1.167925835e+00   3.406532812e+01
     297   3.032340908e+01   1.137684822e+00   3.146429801e+01
     298   1.668781304e+01   1.152534962e+00   1.943274283e+01
     299   2.796051192e+01   1.191466093e+00   2.915489197e+01
     300   3.111323500e+01   1.000926971e+00   3.211705303e+01
     301   2.602501893e+01   1.122367144e+00   2.715046501e+01
     302   2.520405793e+01   1.138785124e+00   2.634581685e+01
     303   1.396634603e+01   1.076293945e+00   1.667973399e+01
     304   2.392180586e+01   1.013991833e+00   2.493866086e+01
     305   2.413093710e+01   1.140913963e+00   2.527483797e+01
     306   2.409466410e+01   1.120300055e+00   2.521796203e+01
     307   2.291087604e+01   1.166555166e+00   2.408034801e+01
     308   1.520235300e+01   1.138154030e+00   1.788862300e+01
     309   2.475433612e+01   1.177561045e+00   2.593494081e+01
     310   2.542536497e+01   1.239812136e+00   2.666817808e+01
     311   2.595415282e+01   1.198772192e+00   2.715585685e+01
     312   2.349373817e+01   1.236120939e+00   2.473280621e+01
     313   1.429943800e+01   1.249567032e+00   1.711792493e+01
     314   2.851733088e+01   1.271234035e+00   2.979150891e+01
     315   1.327881310e+02   1.306721926e+00   1.340979218e+02
     316   8.157557011e+01   1.186500072e+00   8.276504421e+01
     317   6.922650886e+01   1.134371996e+00   7.036391306e+01
     318   5.695028090e+01   1.228044987e+00   5.818134713e+01
     319   4.003965306e+01   1.303197861e+00   4.134585714e+01
     320   4.366891718e+01   1.326307058e+00   4.499820304e+01
     321   2.981482291e+01   1.146279097e+00   3.251897407e+01
     322   4.113301492e+01   1.540095091e+00   4.267607903e+01
     323   3.909711409e+01   1.287330866e+00   4.038740301e+01
     324   5.033238006e+01   1.419330120e+00   5.175465989e+01
     325   6.845398498e+01   1.205228090e+00   6.966228580e+01
     326   7.214006996e+01   1.359571934e+00   7.350260997e+01
     327   1.084239781e+02   1.343062878e+00   1.097701268e+02
     328   4.565124393e+01   1.409842968e+00   4.863114500e+01
     329   6.533746600e+01   1.554658175e+00   6.689511204e+01
     330   6.826426601e+01   1.283784866e+00   6.955118513e+01
     331   5.214845514e+01   1.297359943e+00   5.344879508e+01
     332   6.109548903e+01   1.558730125e+00   6.265712690e+01
     333   2.510424805e+01   1.364259005e+00   2.805516911e+01
     334   3.914008403e+01   1.476167917e+00   4.061912394e+01
     335   4.086561513e+01   1.523176908e+00   4.239179301e+01
     336   3.684423709e+01   1.435060978e+00   3.828240705e+01
     337   3.690116000e+01   1.699538946e+00   3.860382104e+01
     338   2.370643997e+01   1.634766817e+00   2.693762779e+01
     339   3.858217406e+01   1.329663038e+00   3.991479516e+01
     340   3.635662603e+01   1.540575027e+00   3.790029001e+01
     341   3.801565695e+01   1.424825907e+00   3.944535804e+01
     342   4.150218582e+01   1.689146996e+00   4.319438910e+01
     343   2.408016801e+01   1.587538958e+00   2.725477695e+01
     344   3.966068888e+01   1.376050949e+00   4.104001784e+01
     345   3.256434798e+01   1.468001127e+00   3.403554487e+01
     346   3.144689918e+01   1.504721880e+00   3.295458603e+01
     347   3.397408104e+01   1.788511992e+00   3.576565099e+01
     348   2.948107505e+01   1.455980062e+00   3.253164101e+01
     349   4.451723695e+01   1.587450981e+00   4.610766292e+01
     350   3.965229583e+01   1.592837811e+00   4.124810195e+01
     351   4.086919689e+01   1.549813986e+00   4.242218518e+01
     352   4.843242812e+01   1.400285006e+00   4.983580494e+01
     353   2.939445210e+01   1.416888952e+00   3.243001008e+01
     354   4.647396708e+01   1.608150005e+00   4.808504701e+01
     355   4.418869805e+01   1.527355909e+00   4.571909189e+01
     356   4.928555298e+01   1.582084894e+00   5.087064004e+01
     357   3.983463597e+01   1.554451942e+00   4.139217114e+01
     358   2.848708701e+01   1.376469851e+00   3.143629503e+01
     359   3.902935600e+01   1.516535997e+00   4.054889202e+01
     360   3.603165817e+01   1.689726114e+00   3.772445703e+01
     361   3.602295208e+01   1.657050848e+00   3.768301797e+01
     362   3.353749704e+01   1.820702076e+00   3.536119008e+01
     363   2.710143805e+01   1.908745050e+00   3.074690485e+01
     364   3.668971920e+01   1.731055021e+00   3.842398095e+01
     365   3.907222104e+01   1.912683010e+00   4.098784399e+01
     366   4.056618094e+01   1.514575958e+00   4.208377790e+01
     367   4.077803516e+01   1.532476902e+00   4.231366110e+01
     368   3.356124711e+01   1.526111126e+00   3.665095782e+01
     369   4.225874710e+01   1.647521019e+00   4.390922499e+01
     370   4.673183393e+01   1.503899813e+00   4.823878002e+01
     371   3.993570089e+01   1.401047945e+00   4.133976102e+01
     372   4.158033705e+01   1.644010067e+00   4.322738814e+01
     373   3.068362594e+01   1.372748137e+00   3.361805391e+01
     374   3.781926680e+01   1.545983076e+00   3.936822295e+01
     375   3.675305200e+01   1.586780071e+00   3.834290314e+01
     376   4.157989001e+01   1.552463055e+00   4.313534498e+01
     377   4.066601205e+01   1.782710075e+00   4.245178080e+01
     378   2.997149611e+01   1.679811001e+00   3.341889119e+01
     379   3.632085991e+01   1.572458982e+00   3.789635301e+01
     380   3.223773599e+01   1.584449053e+00   3.382530999e+01
     381   3.932618999e+01   1.607474089e+00   4.093673706e+01
     382   3.734416318e+01   1.600805998e+00   3.894795895e+01
     383   3.637102795e+01   1.669323921e+00   3.971061420e+01
     384   4.827614188e+01   1.691528082e+00   4.997081208e+01
     385   4.678136301e+01   1.948804855e+00   4.873330402e+01
     386   3.838118505e+01   1.842802048e+00   4.022709203e+01
     387   3.966815805e+01   1.821241856e+00   4.149233508e+01
     388   3.612928700e+01   1.570012808e+00   3.945147491e+01
     389   4.055570197e+01   1.518660069e+00   4.208112597e+01
     390   3.800345397e+01   1.533456087e+00   3.954020905e+01
     391   3.175677586e+01   1.397073030e+00   3.315686202e+01
     392   3.988457704e+01   1.583744764e+00   4.147132397e+01
     393   3.499436688e+01   1.300368071e+00   3.817185998e+01
     394   4.106250501e+01   1.613358021e+00   4.267880511e+01
     395   3.765744400e+01   1.546720028e+00   3.920734501e+01
     396   3.596703410e+01   1.436107874e+00   3.740614104e+01
     397   3.846683288e+01   1.593532085e+00   4.006348896e+01
     398   3.689799190e+01   1.646669865e+00   4.028802896e+01
     399   4.792756701e+01   1.792523861e+00   4.972304392e+01
     400   4.568197417e+01   1.498728037e+00   4.718374205e+01
     401   4.107874608e+01   1.550328970e+00   4.263211417e+01
     402   4.129338098e+01   1.579419851e+00   4.287608409e+01
     403   3.072529197e+01   1.588241816e+00   3.385817003e+01
     404   3.984388900e+01   1.591826916e+00   4.143869805e+01
     405   4.435452604e+01   1.746057034e+00   4.610360813e+01
     406   3.985159397e+01   1.588160038e+00   4.144275618e+01
     407   4.019204593e+01   1.668717146e+00   4.186391091e+01
     408   3.929922414e+01   1.399962187e+00   4.305975294e+01
     409   4.729188490e+01   1.604660988e+00   4.889951587e+01
     410   6.257276392e+01   1.934818029e+00   6.451060295e+01
     411   5.537883711e+01   1.865252018e+00   5.724711299e+01
     412   4.781771302e+01   1.838868141e+00   4.965962505e+01
     413   3.686590600e+01   1.694061995e+00   4.012410903e+01
     414   4.685579801e+01   1.859251976e+00   4.871812892e+01
     415   4.442710400e+01   1.595584869e+00   4.602578497e+01
     416   5.122700596e+01   1.927475214e+00   5.315757990e+01
     417   5.252154016e+01   1.577898026e+00   5.410244703e+01
     418   4.657959819e+01   1.610453844e+00   4.983859706e+01
     419   5.631505680e+01   1.565830946e+00   5.788407111e+01
     420   4.768565798e+01   1.834666014e+00   4.952375197e+01
     421   5.679525399e+01   1.870838165e+00   5.866920686e+01
     422   5.832984495e+01   1.910778999e+00   6.024373603e+01
     423   5.770036602e+01   1.575700998e+00   6.106379008e+01
     424   5.976668715e+01   1.554913044e+00   6.132477212e+01
     425   5.510235596e+01   1.481447935e+00   5.658681893e+01
     426   5.664769697e+01   1.871917009e+00   5.852268696e+01
     427   5.580530310e+01   1.781776905e+00   5.759011006e+01
     428   4.344935489e+01   1.582224131e+00   4.661036611e+01
     429   6.369462514e+01   2.115966082e+00   6.581369400e+01
     430   6.758231902e+01   1.669871092e+00   6.925526500e+01
     431   7.078252292e+01   1.878172874e+00   7.266391683e+01
     432   5.955527806e+01   1.763381004e+00   6.132167292e+01
     433   4.829754901e+01   1.592141151e+00   5.166668200e+01
     434   6.368124485e+01   1.629648924e+00   6.531405187e+01
     435   7.262247205e+01   1.836143970e+00   7.446160197e+01
     436   6.275403595e+01   1.808072805e+00   6.456519294e+01
     437   6.765415001e+01   1.842994213e+00   6.950078917e+01
     438   4.012282991e+01   1.660325050e+00   4.371751499e+01
     439   6.796210909e+01   1.659141779e+00   6.962428808e+01
     440   7.637623286e+01   1.624025106e+00   7.800333500e+01
     441   7.451553988e+01   2.044919014e+00   7.656360006e+01
     442   6.897536707e+01   1.466921091e+00   7.044535685e+01
     443   4.300804186e+01   1.661707878e+00   4.632121801e+01
     444   8.779497099e+01   1.674407959e+00   8.947250795e+01
     445   8.560575390e+01   1.771870852e+00   8.738067794e+01
     446   8.937560511e+01   1.871704102e+00   9.125033712e+01
     447   9.344622684e+01   1.737708092e+00   9.518710995e+01
     448   5.320377898e+01   1.691251993e+00   5.648636103e+01
     449   8.601776314e+01   2.140398026e+00   8.816122603e+01
     450   1.015434709e+02   1.948177099e+00   1.034949439e+02
     451   1.028454788e+02   1.858730078e+00   1.047072749e+02
     452   1.044178591e+02   2.226866961e+00   1.066479540e+02
     453   6.697185898e+01   2.013041019e+00   7.077582192e+01
     454   1.156157908e+02   2.085715055e+00   1.177045379e+02
     455   1.166846621e+02   1.863680124e+00   1.185516160e+02
     456   1.121702280e+02   1.926419973e+00   1.140999448e+02
     457   1.236664710e+02   2.116301060e+00   1.257859368e+02
     458   7.514865184e+01   1.914265871e+00   7.912390685e+01
     459   1.211895258e+02   1.954802990e+00   1.231473949e+02
     460   1.182772129e+02   1.898935080e+00   1.201794109e+02
     461   1.215701890e+02   2.175749063e+00   1.237490990e+02
     462   1.164794440e+02   2.163516998e+00   1.186461971e+02
     463   8.483877087e+01   2.183125973e+00   8.874145293e+01
     464   1.189712040e+02   1.805913925e+00   1.207801609e+02
     465   1.180582120e+02   1.977501869e+00   1.200388680e+02
     466   1.310474958e+02   2.323901892e+00   1.333745551e+02
     467   1.328246732e+02   2.497270823e+00   1.353251929e+02
     468   9.611694884e+01   2.335197926e+00   1.001996691e+02
     469   1.362363520e+02   2.186550140e+00   1.384259739e+02
     470   1.323250351e+02   2.740979910e+00   1.350691321e+02
     471   1.448702300e+02   2.274657011e+00   1.471481760e+02
     472   1.418990190e+02   2.377646923e+00   1.442799430e+02
     473   1.017096908e+02   1.956130981e+00   1.053681369e+02
     474   1.437386460e+02   2.525675058e+00   1.462676189e+02
     475   1.562042339e+02   2.825814009e+00   1.590332251e+02
     476   1.441126950e+02   2.481344938e+00   1.465972252e+02
     477   1.894780071e+02   2.576339006e+00   1.920579250e+02
     478   1.732633111e+02   2.935090065e+00   1.778963299e+02
     479   3.211349702e+02   3.116448879e+00   3.242545011e+02
     480   3.280621002e+02   3.539800167e+00   3.316051071e+02
     481   7.702276480e+02   3.885005951e+00   7.741159639e+02
     482   2.964805465e+03   3.592027903e+00   2.968400754e+03
     479   1.696814220e+02   1.025640011e+00   1.707354531e+02
     480   1.576221828e+02   1.350973129e+00   1.589761419e+02
     481   3.217038801e+02   1.469856977e+00   3.231767390e+02
     482   2.674119859e+02   1.666049004e+00   2.690810809e+02
     483   1.597641060e+02   1.680568933e+00   1.635983610e+02
     484   2.898719051e+02   1.633076906e+00   2.915081859e+02
